Time 0
Waiting clients: (0,2,3); (1,4,7); (2,4,4); (3,5,1); (4,6,5); (5,7,2); (6,8,5); (7,8,7); (8,9,7); (9,10,2); (10,11,7); (11,12,3); (12,12,2); (13,14,7); (14,14,7); (15,14,2); (16,14,4); (17,15,7); (18,15,6); (19,16,3); (20,16,6); (21,16,6); (22,16,2); (23,17,7); (24,17,4); (25,18,1); (26,19,6); (27,19,3); (28,19,1); (29,19,7); (30,20,6); (31,20,1); (32,22,3); (33,23,4); (34,23,3); (35,24,7); (36,24,2); (37,26,3); (38,26,1); (39,27,4); (40,27,1); (41,27,2); (42,27,6); (43,29,1); (44,30,4); (45,30,4); (46,33,7); (47,34,1); (48,37,6); (49,39,1); 
Queue 1: closed
Queue 2: closed
Queue 3: closed
Queue 4: closed
Queue 5: closed

Time 1
Waiting clients: (0,2,3); (1,4,7); (2,4,4); (3,5,1); (4,6,5); (5,7,2); (6,8,5); (7,8,7); (8,9,7); (9,10,2); (10,11,7); (11,12,3); (12,12,2); (13,14,7); (14,14,7); (15,14,2); (16,14,4); (17,15,7); (18,15,6); (19,16,3); (20,16,6); (21,16,6); (22,16,2); (23,17,7); (24,17,4); (25,18,1); (26,19,6); (27,19,3); (28,19,1); (29,19,7); (30,20,6); (31,20,1); (32,22,3); (33,23,4); (34,23,3); (35,24,7); (36,24,2); (37,26,3); (38,26,1); (39,27,4); (40,27,1); (41,27,2); (42,27,6); (43,29,1); (44,30,4); (45,30,4); (46,33,7); (47,34,1); (48,37,6); (49,39,1); 
Queue 1: closed
Queue 2: closed
Queue 3: closed
Queue 4: closed
Queue 5: closed

Time 2
Waiting clients: (1,4,7); (2,4,4); (3,5,1); (4,6,5); (5,7,2); (6,8,5); (7,8,7); (8,9,7); (9,10,2); (10,11,7); (11,12,3); (12,12,2); (13,14,7); (14,14,7); (15,14,2); (16,14,4); (17,15,7); (18,15,6); (19,16,3); (20,16,6); (21,16,6); (22,16,2); (23,17,7); (24,17,4); (25,18,1); (26,19,6); (27,19,3); (28,19,1); (29,19,7); (30,20,6); (31,20,1); (32,22,3); (33,23,4); (34,23,3); (35,24,7); (36,24,2); (37,26,3); (38,26,1); (39,27,4); (40,27,1); (41,27,2); (42,27,6); (43,29,1); (44,30,4); (45,30,4); (46,33,7); (47,34,1); (48,37,6); (49,39,1); 
Queue 1: (0,2,3); 
Queue 2: closed
Queue 3: closed
Queue 4: closed
Queue 5: closed

Time 3
Waiting clients: (1,4,7); (2,4,4); (3,5,1); (4,6,5); (5,7,2); (6,8,5); (7,8,7); (8,9,7); (9,10,2); (10,11,7); (11,12,3); (12,12,2); (13,14,7); (14,14,7); (15,14,2); (16,14,4); (17,15,7); (18,15,6); (19,16,3); (20,16,6); (21,16,6); (22,16,2); (23,17,7); (24,17,4); (25,18,1); (26,19,6); (27,19,3); (28,19,1); (29,19,7); (30,20,6); (31,20,1); (32,22,3); (33,23,4); (34,23,3); (35,24,7); (36,24,2); (37,26,3); (38,26,1); (39,27,4); (40,27,1); (41,27,2); (42,27,6); (43,29,1); (44,30,4); (45,30,4); (46,33,7); (47,34,1); (48,37,6); (49,39,1); 
Queue 1: (0,2,2); 
Queue 2: closed
Queue 3: closed
Queue 4: closed
Queue 5: closed

Time 4
Waiting clients: (3,5,1); (4,6,5); (5,7,2); (6,8,5); (7,8,7); (8,9,7); (9,10,2); (10,11,7); (11,12,3); (12,12,2); (13,14,7); (14,14,7); (15,14,2); (16,14,4); (17,15,7); (18,15,6); (19,16,3); (20,16,6); (21,16,6); (22,16,2); (23,17,7); (24,17,4); (25,18,1); (26,19,6); (27,19,3); (28,19,1); (29,19,7); (30,20,6); (31,20,1); (32,22,3); (33,23,4); (34,23,3); (35,24,7); (36,24,2); (37,26,3); (38,26,1); (39,27,4); (40,27,1); (41,27,2); (42,27,6); (43,29,1); (44,30,4); (45,30,4); (46,33,7); (47,34,1); (48,37,6); (49,39,1); 
Queue 1: (0,2,1); 
Queue 2: (1,4,7); 
Queue 3: (2,4,4); 
Queue 4: closed
Queue 5: closed

Time 5
Waiting clients: (4,6,5); (5,7,2); (6,8,5); (7,8,7); (8,9,7); (9,10,2); (10,11,7); (11,12,3); (12,12,2); (13,14,7); (14,14,7); (15,14,2); (16,14,4); (17,15,7); (18,15,6); (19,16,3); (20,16,6); (21,16,6); (22,16,2); (23,17,7); (24,17,4); (25,18,1); (26,19,6); (27,19,3); (28,19,1); (29,19,7); (30,20,6); (31,20,1); (32,22,3); (33,23,4); (34,23,3); (35,24,7); (36,24,2); (37,26,3); (38,26,1); (39,27,4); (40,27,1); (41,27,2); (42,27,6); (43,29,1); (44,30,4); (45,30,4); (46,33,7); (47,34,1); (48,37,6); (49,39,1); 
Queue 1: (3,5,1); 
Queue 2: (1,4,6); 
Queue 3: (2,4,3); 
Queue 4: closed
Queue 5: closed

Time 6
Waiting clients: (5,7,2); (6,8,5); (7,8,7); (8,9,7); (9,10,2); (10,11,7); (11,12,3); (12,12,2); (13,14,7); (14,14,7); (15,14,2); (16,14,4); (17,15,7); (18,15,6); (19,16,3); (20,16,6); (21,16,6); (22,16,2); (23,17,7); (24,17,4); (25,18,1); (26,19,6); (27,19,3); (28,19,1); (29,19,7); (30,20,6); (31,20,1); (32,22,3); (33,23,4); (34,23,3); (35,24,7); (36,24,2); (37,26,3); (38,26,1); (39,27,4); (40,27,1); (41,27,2); (42,27,6); (43,29,1); (44,30,4); (45,30,4); (46,33,7); (47,34,1); (48,37,6); (49,39,1); 
Queue 1: (4,6,5); 
Queue 2: (1,4,5); 
Queue 3: (2,4,2); 
Queue 4: closed
Queue 5: closed

Time 7
Waiting clients: (6,8,5); (7,8,7); (8,9,7); (9,10,2); (10,11,7); (11,12,3); (12,12,2); (13,14,7); (14,14,7); (15,14,2); (16,14,4); (17,15,7); (18,15,6); (19,16,3); (20,16,6); (21,16,6); (22,16,2); (23,17,7); (24,17,4); (25,18,1); (26,19,6); (27,19,3); (28,19,1); (29,19,7); (30,20,6); (31,20,1); (32,22,3); (33,23,4); (34,23,3); (35,24,7); (36,24,2); (37,26,3); (38,26,1); (39,27,4); (40,27,1); (41,27,2); (42,27,6); (43,29,1); (44,30,4); (45,30,4); (46,33,7); (47,34,1); (48,37,6); (49,39,1); 
Queue 1: (4,6,4); 
Queue 2: (1,4,4); 
Queue 3: (2,4,1); 
Queue 4: (5,7,2); 
Queue 5: closed

Time 8
Waiting clients: (8,9,7); (9,10,2); (10,11,7); (11,12,3); (12,12,2); (13,14,7); (14,14,7); (15,14,2); (16,14,4); (17,15,7); (18,15,6); (19,16,3); (20,16,6); (21,16,6); (22,16,2); (23,17,7); (24,17,4); (25,18,1); (26,19,6); (27,19,3); (28,19,1); (29,19,7); (30,20,6); (31,20,1); (32,22,3); (33,23,4); (34,23,3); (35,24,7); (36,24,2); (37,26,3); (38,26,1); (39,27,4); (40,27,1); (41,27,2); (42,27,6); (43,29,1); (44,30,4); (45,30,4); (46,33,7); (47,34,1); (48,37,6); (49,39,1); 
Queue 1: (4,6,3); 
Queue 2: (1,4,3); 
Queue 3: (6,8,5); 
Queue 4: (5,7,1); 
Queue 5: (7,8,7); 

Time 9
Waiting clients: (9,10,2); (10,11,7); (11,12,3); (12,12,2); (13,14,7); (14,14,7); (15,14,2); (16,14,4); (17,15,7); (18,15,6); (19,16,3); (20,16,6); (21,16,6); (22,16,2); (23,17,7); (24,17,4); (25,18,1); (26,19,6); (27,19,3); (28,19,1); (29,19,7); (30,20,6); (31,20,1); (32,22,3); (33,23,4); (34,23,3); (35,24,7); (36,24,2); (37,26,3); (38,26,1); (39,27,4); (40,27,1); (41,27,2); (42,27,6); (43,29,1); (44,30,4); (45,30,4); (46,33,7); (47,34,1); (48,37,6); (49,39,1); 
Queue 1: (4,6,2); 
Queue 2: (1,4,2); 
Queue 3: (6,8,4); 
Queue 4: (8,9,7); 
Queue 5: (7,8,6); 

Time 10
Waiting clients: (10,11,7); (11,12,3); (12,12,2); (13,14,7); (14,14,7); (15,14,2); (16,14,4); (17,15,7); (18,15,6); (19,16,3); (20,16,6); (21,16,6); (22,16,2); (23,17,7); (24,17,4); (25,18,1); (26,19,6); (27,19,3); (28,19,1); (29,19,7); (30,20,6); (31,20,1); (32,22,3); (33,23,4); (34,23,3); (35,24,7); (36,24,2); (37,26,3); (38,26,1); (39,27,4); (40,27,1); (41,27,2); (42,27,6); (43,29,1); (44,30,4); (45,30,4); (46,33,7); (47,34,1); (48,37,6); (49,39,1); 
Queue 1: (4,6,1); (9,10,2); 
Queue 2: (1,4,1); 
Queue 3: (6,8,3); 
Queue 4: (8,9,6); 
Queue 5: (7,8,5); 

Time 11
Waiting clients: (11,12,3); (12,12,2); (13,14,7); (14,14,7); (15,14,2); (16,14,4); (17,15,7); (18,15,6); (19,16,3); (20,16,6); (21,16,6); (22,16,2); (23,17,7); (24,17,4); (25,18,1); (26,19,6); (27,19,3); (28,19,1); (29,19,7); (30,20,6); (31,20,1); (32,22,3); (33,23,4); (34,23,3); (35,24,7); (36,24,2); (37,26,3); (38,26,1); (39,27,4); (40,27,1); (41,27,2); (42,27,6); (43,29,1); (44,30,4); (45,30,4); (46,33,7); (47,34,1); (48,37,6); (49,39,1); 
Queue 1: (9,10,2); 
Queue 2: (10,11,7); 
Queue 3: (6,8,2); 
Queue 4: (8,9,5); 
Queue 5: (7,8,4); 

Time 12
Waiting clients: (13,14,7); (14,14,7); (15,14,2); (16,14,4); (17,15,7); (18,15,6); (19,16,3); (20,16,6); (21,16,6); (22,16,2); (23,17,7); (24,17,4); (25,18,1); (26,19,6); (27,19,3); (28,19,1); (29,19,7); (30,20,6); (31,20,1); (32,22,3); (33,23,4); (34,23,3); (35,24,7); (36,24,2); (37,26,3); (38,26,1); (39,27,4); (40,27,1); (41,27,2); (42,27,6); (43,29,1); (44,30,4); (45,30,4); (46,33,7); (47,34,1); (48,37,6); (49,39,1); 
Queue 1: (9,10,1); (11,12,3); 
Queue 2: (10,11,6); 
Queue 3: (6,8,1); (12,12,2); 
Queue 4: (8,9,4); 
Queue 5: (7,8,3); 

Time 13
Waiting clients: (13,14,7); (14,14,7); (15,14,2); (16,14,4); (17,15,7); (18,15,6); (19,16,3); (20,16,6); (21,16,6); (22,16,2); (23,17,7); (24,17,4); (25,18,1); (26,19,6); (27,19,3); (28,19,1); (29,19,7); (30,20,6); (31,20,1); (32,22,3); (33,23,4); (34,23,3); (35,24,7); (36,24,2); (37,26,3); (38,26,1); (39,27,4); (40,27,1); (41,27,2); (42,27,6); (43,29,1); (44,30,4); (45,30,4); (46,33,7); (47,34,1); (48,37,6); (49,39,1); 
Queue 1: (11,12,3); 
Queue 2: (10,11,5); 
Queue 3: (12,12,2); 
Queue 4: (8,9,3); 
Queue 5: (7,8,2); 

Time 14
Waiting clients: (17,15,7); (18,15,6); (19,16,3); (20,16,6); (21,16,6); (22,16,2); (23,17,7); (24,17,4); (25,18,1); (26,19,6); (27,19,3); (28,19,1); (29,19,7); (30,20,6); (31,20,1); (32,22,3); (33,23,4); (34,23,3); (35,24,7); (36,24,2); (37,26,3); (38,26,1); (39,27,4); (40,27,1); (41,27,2); (42,27,6); (43,29,1); (44,30,4); (45,30,4); (46,33,7); (47,34,1); (48,37,6); (49,39,1); 
Queue 1: (11,12,2); (15,14,2); 
Queue 2: (10,11,4); 
Queue 3: (12,12,1); (13,14,7); 
Queue 4: (8,9,2); (16,14,4); 
Queue 5: (7,8,1); (14,14,7); 

Time 15
Waiting clients: (19,16,3); (20,16,6); (21,16,6); (22,16,2); (23,17,7); (24,17,4); (25,18,1); (26,19,6); (27,19,3); (28,19,1); (29,19,7); (30,20,6); (31,20,1); (32,22,3); (33,23,4); (34,23,3); (35,24,7); (36,24,2); (37,26,3); (38,26,1); (39,27,4); (40,27,1); (41,27,2); (42,27,6); (43,29,1); (44,30,4); (45,30,4); (46,33,7); (47,34,1); (48,37,6); (49,39,1); 
Queue 1: (11,12,1); (15,14,2); (17,15,7); 
Queue 2: (10,11,3); (18,15,6); 
Queue 3: (13,14,7); 
Queue 4: (8,9,1); (16,14,4); 
Queue 5: (14,14,7); 

Time 16
Waiting clients: (23,17,7); (24,17,4); (25,18,1); (26,19,6); (27,19,3); (28,19,1); (29,19,7); (30,20,6); (31,20,1); (32,22,3); (33,23,4); (34,23,3); (35,24,7); (36,24,2); (37,26,3); (38,26,1); (39,27,4); (40,27,1); (41,27,2); (42,27,6); (43,29,1); (44,30,4); (45,30,4); (46,33,7); (47,34,1); (48,37,6); (49,39,1); 
Queue 1: (15,14,2); (17,15,7); 
Queue 2: (10,11,2); (18,15,6); 
Queue 3: (13,14,6); (20,16,6); 
Queue 4: (16,14,4); (19,16,3); (22,16,2); 
Queue 5: (14,14,6); (21,16,6); 

Time 17
Waiting clients: (25,18,1); (26,19,6); (27,19,3); (28,19,1); (29,19,7); (30,20,6); (31,20,1); (32,22,3); (33,23,4); (34,23,3); (35,24,7); (36,24,2); (37,26,3); (38,26,1); (39,27,4); (40,27,1); (41,27,2); (42,27,6); (43,29,1); (44,30,4); (45,30,4); (46,33,7); (47,34,1); (48,37,6); (49,39,1); 
Queue 1: (15,14,1); (17,15,7); (24,17,4); 
Queue 2: (10,11,1); (18,15,6); (23,17,7); 
Queue 3: (13,14,5); (20,16,6); 
Queue 4: (16,14,3); (19,16,3); (22,16,2); 
Queue 5: (14,14,5); (21,16,6); 

Time 18
Waiting clients: (26,19,6); (27,19,3); (28,19,1); (29,19,7); (30,20,6); (31,20,1); (32,22,3); (33,23,4); (34,23,3); (35,24,7); (36,24,2); (37,26,3); (38,26,1); (39,27,4); (40,27,1); (41,27,2); (42,27,6); (43,29,1); (44,30,4); (45,30,4); (46,33,7); (47,34,1); (48,37,6); (49,39,1); 
Queue 1: (17,15,7); (24,17,4); 
Queue 2: (18,15,6); (23,17,7); 
Queue 3: (13,14,4); (20,16,6); 
Queue 4: (16,14,2); (19,16,3); (22,16,2); (25,18,1); 
Queue 5: (14,14,4); (21,16,6); 

Time 19
Waiting clients: (30,20,6); (31,20,1); (32,22,3); (33,23,4); (34,23,3); (35,24,7); (36,24,2); (37,26,3); (38,26,1); (39,27,4); (40,27,1); (41,27,2); (42,27,6); (43,29,1); (44,30,4); (45,30,4); (46,33,7); (47,34,1); (48,37,6); (49,39,1); 
Queue 1: (17,15,6); (24,17,4); (29,19,7); 
Queue 2: (18,15,5); (23,17,7); 
Queue 3: (13,14,3); (20,16,6); (27,19,3); 
Queue 4: (16,14,1); (19,16,3); (22,16,2); (25,18,1); (26,19,6); 
Queue 5: (14,14,3); (21,16,6); (28,19,1); 

Time 20
Waiting clients: (32,22,3); (33,23,4); (34,23,3); (35,24,7); (36,24,2); (37,26,3); (38,26,1); (39,27,4); (40,27,1); (41,27,2); (42,27,6); (43,29,1); (44,30,4); (45,30,4); (46,33,7); (47,34,1); (48,37,6); (49,39,1); 
Queue 1: (17,15,5); (24,17,4); (29,19,7); 
Queue 2: (18,15,4); (23,17,7); (31,20,1); 
Queue 3: (13,14,2); (20,16,6); (27,19,3); 
Queue 4: (19,16,3); (22,16,2); (25,18,1); (26,19,6); 
Queue 5: (14,14,2); (21,16,6); (28,19,1); (30,20,6); 

Time 21
Waiting clients: (32,22,3); (33,23,4); (34,23,3); (35,24,7); (36,24,2); (37,26,3); (38,26,1); (39,27,4); (40,27,1); (41,27,2); (42,27,6); (43,29,1); (44,30,4); (45,30,4); (46,33,7); (47,34,1); (48,37,6); (49,39,1); 
Queue 1: (17,15,4); (24,17,4); (29,19,7); 
Queue 2: (18,15,3); (23,17,7); (31,20,1); 
Queue 3: (13,14,1); (20,16,6); (27,19,3); 
Queue 4: (19,16,2); (22,16,2); (25,18,1); (26,19,6); 
Queue 5: (14,14,1); (21,16,6); (28,19,1); (30,20,6); 

Time 22
Waiting clients: (33,23,4); (34,23,3); (35,24,7); (36,24,2); (37,26,3); (38,26,1); (39,27,4); (40,27,1); (41,27,2); (42,27,6); (43,29,1); (44,30,4); (45,30,4); (46,33,7); (47,34,1); (48,37,6); (49,39,1); 
Queue 1: (17,15,3); (24,17,4); (29,19,7); 
Queue 2: (18,15,2); (23,17,7); (31,20,1); 
Queue 3: (20,16,6); (27,19,3); (32,22,3); 
Queue 4: (19,16,1); (22,16,2); (25,18,1); (26,19,6); 
Queue 5: (21,16,6); (28,19,1); (30,20,6); 

Time 23
Waiting clients: (35,24,7); (36,24,2); (37,26,3); (38,26,1); (39,27,4); (40,27,1); (41,27,2); (42,27,6); (43,29,1); (44,30,4); (45,30,4); (46,33,7); (47,34,1); (48,37,6); (49,39,1); 
Queue 1: (17,15,2); (24,17,4); (29,19,7); 
Queue 2: (18,15,1); (23,17,7); (31,20,1); (33,23,4); 
Queue 3: (20,16,5); (27,19,3); (32,22,3); 
Queue 4: (22,16,2); (25,18,1); (26,19,6); (34,23,3); 
Queue 5: (21,16,5); (28,19,1); (30,20,6); 

Time 24
Waiting clients: (37,26,3); (38,26,1); (39,27,4); (40,27,1); (41,27,2); (42,27,6); (43,29,1); (44,30,4); (45,30,4); (46,33,7); (47,34,1); (48,37,6); (49,39,1); 
Queue 1: (17,15,1); (24,17,4); (29,19,7); 
Queue 2: (23,17,7); (31,20,1); (33,23,4); 
Queue 3: (20,16,4); (27,19,3); (32,22,3); (35,24,7); 
Queue 4: (22,16,1); (25,18,1); (26,19,6); (34,23,3); (36,24,2); 
Queue 5: (21,16,4); (28,19,1); (30,20,6); 

Time 25
Waiting clients: (37,26,3); (38,26,1); (39,27,4); (40,27,1); (41,27,2); (42,27,6); (43,29,1); (44,30,4); (45,30,4); (46,33,7); (47,34,1); (48,37,6); (49,39,1); 
Queue 1: (24,17,4); (29,19,7); 
Queue 2: (23,17,6); (31,20,1); (33,23,4); 
Queue 3: (20,16,3); (27,19,3); (32,22,3); (35,24,7); 
Queue 4: (25,18,1); (26,19,6); (34,23,3); (36,24,2); 
Queue 5: (21,16,3); (28,19,1); (30,20,6); 

Time 26
Waiting clients: (39,27,4); (40,27,1); (41,27,2); (42,27,6); (43,29,1); (44,30,4); (45,30,4); (46,33,7); (47,34,1); (48,37,6); (49,39,1); 
Queue 1: (24,17,3); (29,19,7); (38,26,1); 
Queue 2: (23,17,5); (31,20,1); (33,23,4); 
Queue 3: (20,16,2); (27,19,3); (32,22,3); (35,24,7); 
Queue 4: (26,19,6); (34,23,3); (36,24,2); 
Queue 5: (21,16,2); (28,19,1); (30,20,6); (37,26,3); 

Time 27
Waiting clients: (43,29,1); (44,30,4); (45,30,4); (46,33,7); (47,34,1); (48,37,6); (49,39,1); 
Queue 1: (24,17,2); (29,19,7); (38,26,1); (40,27,1); (42,27,6); 
Queue 2: (23,17,4); (31,20,1); (33,23,4); (39,27,4); 
Queue 3: (20,16,1); (27,19,3); (32,22,3); (35,24,7); 
Queue 4: (26,19,5); (34,23,3); (36,24,2); (41,27,2); 
Queue 5: (21,16,1); (28,19,1); (30,20,6); (37,26,3); 

Time 28
Waiting clients: (43,29,1); (44,30,4); (45,30,4); (46,33,7); (47,34,1); (48,37,6); (49,39,1); 
Queue 1: (24,17,1); (29,19,7); (38,26,1); (40,27,1); (42,27,6); 
Queue 2: (23,17,3); (31,20,1); (33,23,4); (39,27,4); 
Queue 3: (27,19,3); (32,22,3); (35,24,7); 
Queue 4: (26,19,4); (34,23,3); (36,24,2); (41,27,2); 
Queue 5: (28,19,1); (30,20,6); (37,26,3); 

Time 29
Waiting clients: (44,30,4); (45,30,4); (46,33,7); (47,34,1); (48,37,6); (49,39,1); 
Queue 1: (29,19,7); (38,26,1); (40,27,1); (42,27,6); 
Queue 2: (23,17,2); (31,20,1); (33,23,4); (39,27,4); 
Queue 3: (27,19,2); (32,22,3); (35,24,7); 
Queue 4: (26,19,3); (34,23,3); (36,24,2); (41,27,2); 
Queue 5: (30,20,6); (37,26,3); (43,29,1); 

Time 30
Waiting clients: (46,33,7); (47,34,1); (48,37,6); (49,39,1); 
Queue 1: (29,19,6); (38,26,1); (40,27,1); (42,27,6); 
Queue 2: (23,17,1); (31,20,1); (33,23,4); (39,27,4); 
Queue 3: (27,19,1); (32,22,3); (35,24,7); 
Queue 4: (26,19,2); (34,23,3); (36,24,2); (41,27,2); (44,30,4); 
Queue 5: (30,20,5); (37,26,3); (43,29,1); (45,30,4); 

Time 31
Waiting clients: (46,33,7); (47,34,1); (48,37,6); (49,39,1); 
Queue 1: (29,19,5); (38,26,1); (40,27,1); (42,27,6); 
Queue 2: (31,20,1); (33,23,4); (39,27,4); 
Queue 3: (32,22,3); (35,24,7); 
Queue 4: (26,19,1); (34,23,3); (36,24,2); (41,27,2); (44,30,4); 
Queue 5: (30,20,4); (37,26,3); (43,29,1); (45,30,4); 

Time 32
Waiting clients: (46,33,7); (47,34,1); (48,37,6); (49,39,1); 
Queue 1: (29,19,4); (38,26,1); (40,27,1); (42,27,6); 
Queue 2: (33,23,4); (39,27,4); 
Queue 3: (32,22,2); (35,24,7); 
Queue 4: (34,23,3); (36,24,2); (41,27,2); (44,30,4); 
Queue 5: (30,20,3); (37,26,3); (43,29,1); (45,30,4); 

Time 33
Waiting clients: (47,34,1); (48,37,6); (49,39,1); 
Queue 1: (29,19,3); (38,26,1); (40,27,1); (42,27,6); 
Queue 2: (33,23,3); (39,27,4); (46,33,7); 
Queue 3: (32,22,1); (35,24,7); 
Queue 4: (34,23,2); (36,24,2); (41,27,2); (44,30,4); 
Queue 5: (30,20,2); (37,26,3); (43,29,1); (45,30,4); 

Time 34
Waiting clients: (48,37,6); (49,39,1); 
Queue 1: (29,19,2); (38,26,1); (40,27,1); (42,27,6); 
Queue 2: (33,23,2); (39,27,4); (46,33,7); 
Queue 3: (35,24,7); (47,34,1); 
Queue 4: (34,23,1); (36,24,2); (41,27,2); (44,30,4); 
Queue 5: (30,20,1); (37,26,3); (43,29,1); (45,30,4); 

Time 35
Waiting clients: (48,37,6); (49,39,1); 
Queue 1: (29,19,1); (38,26,1); (40,27,1); (42,27,6); 
Queue 2: (33,23,1); (39,27,4); (46,33,7); 
Queue 3: (35,24,6); (47,34,1); 
Queue 4: (36,24,2); (41,27,2); (44,30,4); 
Queue 5: (37,26,3); (43,29,1); (45,30,4); 

Time 36
Waiting clients: (48,37,6); (49,39,1); 
Queue 1: (38,26,1); (40,27,1); (42,27,6); 
Queue 2: (39,27,4); (46,33,7); 
Queue 3: (35,24,5); (47,34,1); 
Queue 4: (36,24,1); (41,27,2); (44,30,4); 
Queue 5: (37,26,2); (43,29,1); (45,30,4); 

Time 37
Waiting clients: (49,39,1); 
Queue 1: (40,27,1); (42,27,6); 
Queue 2: (39,27,3); (46,33,7); 
Queue 3: (35,24,4); (47,34,1); (48,37,6); 
Queue 4: (41,27,2); (44,30,4); 
Queue 5: (37,26,1); (43,29,1); (45,30,4); 

Time 38
Waiting clients: (49,39,1); 
Queue 1: (42,27,6); 
Queue 2: (39,27,2); (46,33,7); 
Queue 3: (35,24,3); (47,34,1); (48,37,6); 
Queue 4: (41,27,1); (44,30,4); 
Queue 5: (43,29,1); (45,30,4); 

Time 39
Waiting clients: 
Queue 1: (42,27,5); 
Queue 2: (39,27,1); (46,33,7); 
Queue 3: (35,24,2); (47,34,1); (48,37,6); 
Queue 4: (44,30,4); (49,39,1); 
Queue 5: (45,30,4); 

Time 40
Waiting clients: 
Queue 1: (42,27,4); 
Queue 2: (46,33,7); 
Queue 3: (35,24,1); (47,34,1); (48,37,6); 
Queue 4: (44,30,3); (49,39,1); 
Queue 5: (45,30,3); 

Time 41
Waiting clients: 
Queue 1: (42,27,3); 
Queue 2: (46,33,6); 
Queue 3: (47,34,1); (48,37,6); 
Queue 4: (44,30,2); (49,39,1); 
Queue 5: (45,30,2); 

Time 42
Waiting clients: 
Queue 1: (42,27,2); 
Queue 2: (46,33,5); 
Queue 3: (48,37,6); 
Queue 4: (44,30,1); (49,39,1); 
Queue 5: (45,30,1); 

Time 43
Waiting clients: 
Queue 1: (42,27,1); 
Queue 2: (46,33,4); 
Queue 3: (48,37,5); 
Queue 4: (49,39,1); 
Queue 5: closed

Time 44
Waiting clients: 
Queue 1: closed
Queue 2: (46,33,3); 
Queue 3: (48,37,4); 
Queue 4: closed
Queue 5: closed

Time 45
Waiting clients: 
Queue 1: closed
Queue 2: (46,33,2); 
Queue 3: (48,37,3); 
Queue 4: closed
Queue 5: closed

Time 46
Waiting clients: 
Queue 1: closed
Queue 2: (46,33,1); 
Queue 3: (48,37,2); 
Queue 4: closed
Queue 5: closed

Time 47
Waiting clients: 
Queue 1: closed
Queue 2: closed
Queue 3: (48,37,1); 
Queue 4: closed
Queue 5: closed

Time 48
Waiting clients: 
Queue 1: closed
Queue 2: closed
Queue 3: closed
Queue 4: closed
Queue 5: closed

Time 49
Waiting clients: 
Queue 1: closed
Queue 2: closed
Queue 3: closed
Queue 4: closed
Queue 5: closed

Time 50
Waiting clients: 
Queue 1: closed
Queue 2: closed
Queue 3: closed
Queue 4: closed
Queue 5: closed

Time 51
Waiting clients: 
Queue 1: closed
Queue 2: closed
Queue 3: closed
Queue 4: closed
Queue 5: closed

Time 52
Waiting clients: 
Queue 1: closed
Queue 2: closed
Queue 3: closed
Queue 4: closed
Queue 5: closed

Time 53
Waiting clients: 
Queue 1: closed
Queue 2: closed
Queue 3: closed
Queue 4: closed
Queue 5: closed

Time 54
Waiting clients: 
Queue 1: closed
Queue 2: closed
Queue 3: closed
Queue 4: closed
Queue 5: closed

Time 55
Waiting clients: 
Queue 1: closed
Queue 2: closed
Queue 3: closed
Queue 4: closed
Queue 5: closed

Time 56
Waiting clients: 
Queue 1: closed
Queue 2: closed
Queue 3: closed
Queue 4: closed
Queue 5: closed

Time 57
Waiting clients: 
Queue 1: closed
Queue 2: closed
Queue 3: closed
Queue 4: closed
Queue 5: closed

Time 58
Waiting clients: 
Queue 1: closed
Queue 2: closed
Queue 3: closed
Queue 4: closed
Queue 5: closed

Time 59
Waiting clients: 
Queue 1: closed
Queue 2: closed
Queue 3: closed
Queue 4: closed
Queue 5: closed

Time 60
Waiting clients: 
Queue 1: closed
Queue 2: closed
Queue 3: closed
Queue 4: closed
Queue 5: closed

Average Waiting Time: 9,46
Average Service Time: 4,02
Peak Time: 27

