Time 0
Waiting clients: (0,3,1); (1,3,5); (2,3,3); (3,3,2); (4,3,4); (5,4,5); (6,4,5); (7,4,5); (8,4,6); (9,4,3); (10,5,6); (11,5,8); (12,5,4); (13,6,3); (14,6,4); (15,6,6); (16,6,1); (17,6,4); (18,7,8); (19,7,3); (20,8,6); (21,8,2); (22,9,2); (23,9,2); (24,9,5); (25,9,2); (26,9,2); (27,10,8); (28,10,7); (29,10,1); 
Queue 1: closed
Queue 2: closed
Queue 3: closed
Queue 4: closed
Queue 5: closed
Queue 6: closed

Time 1
Waiting clients: (0,3,1); (1,3,5); (2,3,3); (3,3,2); (4,3,4); (5,4,5); (6,4,5); (7,4,5); (8,4,6); (9,4,3); (10,5,6); (11,5,8); (12,5,4); (13,6,3); (14,6,4); (15,6,6); (16,6,1); (17,6,4); (18,7,8); (19,7,3); (20,8,6); (21,8,2); (22,9,2); (23,9,2); (24,9,5); (25,9,2); (26,9,2); (27,10,8); (28,10,7); (29,10,1); 
Queue 1: closed
Queue 2: closed
Queue 3: closed
Queue 4: closed
Queue 5: closed
Queue 6: closed

Time 2
Waiting clients: (0,3,1); (1,3,5); (2,3,3); (3,3,2); (4,3,4); (5,4,5); (6,4,5); (7,4,5); (8,4,6); (9,4,3); (10,5,6); (11,5,8); (12,5,4); (13,6,3); (14,6,4); (15,6,6); (16,6,1); (17,6,4); (18,7,8); (19,7,3); (20,8,6); (21,8,2); (22,9,2); (23,9,2); (24,9,5); (25,9,2); (26,9,2); (27,10,8); (28,10,7); (29,10,1); 
Queue 1: closed
Queue 2: closed
Queue 3: closed
Queue 4: closed
Queue 5: closed
Queue 6: closed

Time 3
Waiting clients: (5,4,5); (6,4,5); (7,4,5); (8,4,6); (9,4,3); (10,5,6); (11,5,8); (12,5,4); (13,6,3); (14,6,4); (15,6,6); (16,6,1); (17,6,4); (18,7,8); (19,7,3); (20,8,6); (21,8,2); (22,9,2); (23,9,2); (24,9,5); (25,9,2); (26,9,2); (27,10,8); (28,10,7); (29,10,1); 
Queue 1: (0,3,1); 
Queue 2: (1,3,5); 
Queue 3: (2,3,3); 
Queue 4: (3,3,2); 
Queue 5: (4,3,4); 
Queue 6: closed

Time 4
Waiting clients: (10,5,6); (11,5,8); (12,5,4); (13,6,3); (14,6,4); (15,6,6); (16,6,1); (17,6,4); (18,7,8); (19,7,3); (20,8,6); (21,8,2); (22,9,2); (23,9,2); (24,9,5); (25,9,2); (26,9,2); (27,10,8); (28,10,7); (29,10,1); 
Queue 1: (5,4,5); 
Queue 2: (1,3,4); 
Queue 3: (2,3,2); (8,4,6); 
Queue 4: (3,3,1); (7,4,5); 
Queue 5: (4,3,3); (9,4,3); 
Queue 6: (6,4,5); 

Time 5
Waiting clients: (13,6,3); (14,6,4); (15,6,6); (16,6,1); (17,6,4); (18,7,8); (19,7,3); (20,8,6); (21,8,2); (22,9,2); (23,9,2); (24,9,5); (25,9,2); (26,9,2); (27,10,8); (28,10,7); (29,10,1); 
Queue 1: (5,4,4); (11,5,8); 
Queue 2: (1,3,3); (10,5,6); 
Queue 3: (2,3,1); (8,4,6); 
Queue 4: (7,4,5); 
Queue 5: (4,3,2); (9,4,3); 
Queue 6: (6,4,4); (12,5,4); 

Time 6
Waiting clients: (18,7,8); (19,7,3); (20,8,6); (21,8,2); (22,9,2); (23,9,2); (24,9,5); (25,9,2); (26,9,2); (27,10,8); (28,10,7); (29,10,1); 
Queue 1: (5,4,3); (11,5,8); 
Queue 2: (1,3,2); (10,5,6); 
Queue 3: (8,4,6); (15,6,6); 
Queue 4: (7,4,4); (13,6,3); (16,6,1); 
Queue 5: (4,3,1); (9,4,3); (14,6,4); 
Queue 6: (6,4,3); (12,5,4); (17,6,4); 

Time 7
Waiting clients: (20,8,6); (21,8,2); (22,9,2); (23,9,2); (24,9,5); (25,9,2); (26,9,2); (27,10,8); (28,10,7); (29,10,1); 
Queue 1: (5,4,2); (11,5,8); 
Queue 2: (1,3,1); (10,5,6); (18,7,8); 
Queue 3: (8,4,5); (15,6,6); 
Queue 4: (7,4,3); (13,6,3); (16,6,1); (19,7,3); 
Queue 5: (9,4,3); (14,6,4); 
Queue 6: (6,4,2); (12,5,4); (17,6,4); 

Time 8
Waiting clients: (22,9,2); (23,9,2); (24,9,5); (25,9,2); (26,9,2); (27,10,8); (28,10,7); (29,10,1); 
Queue 1: (5,4,1); (11,5,8); (21,8,2); 
Queue 2: (10,5,6); (18,7,8); 
Queue 3: (8,4,4); (15,6,6); 
Queue 4: (7,4,2); (13,6,3); (16,6,1); (19,7,3); 
Queue 5: (9,4,2); (14,6,4); (20,8,6); 
Queue 6: (6,4,1); (12,5,4); (17,6,4); 

Time 9
Waiting clients: (27,10,8); (28,10,7); (29,10,1); 
Queue 1: (11,5,8); (21,8,2); (25,9,2); 
Queue 2: (10,5,5); (18,7,8); 
Queue 3: (8,4,3); (15,6,6); (24,9,5); 
Queue 4: (7,4,1); (13,6,3); (16,6,1); (19,7,3); (22,9,2); (26,9,2); 
Queue 5: (9,4,1); (14,6,4); (20,8,6); 
Queue 6: (12,5,4); (17,6,4); (23,9,2); 

Time 10
Waiting clients: 
Queue 1: (11,5,7); (21,8,2); (25,9,2); (29,10,1); 
Queue 2: (10,5,4); (18,7,8); 
Queue 3: (8,4,2); (15,6,6); (24,9,5); 
Queue 4: (13,6,3); (16,6,1); (19,7,3); (22,9,2); (26,9,2); 
Queue 5: (14,6,4); (20,8,6); (28,10,7); 
Queue 6: (12,5,3); (17,6,4); (23,9,2); (27,10,8); 

Time 11
Waiting clients: 
Queue 1: (11,5,6); (21,8,2); (25,9,2); (29,10,1); 
Queue 2: (10,5,3); (18,7,8); 
Queue 3: (8,4,1); (15,6,6); (24,9,5); 
Queue 4: (13,6,2); (16,6,1); (19,7,3); (22,9,2); (26,9,2); 
Queue 5: (14,6,3); (20,8,6); (28,10,7); 
Queue 6: (12,5,2); (17,6,4); (23,9,2); (27,10,8); 

Time 12
Waiting clients: 
Queue 1: (11,5,5); (21,8,2); (25,9,2); (29,10,1); 
Queue 2: (10,5,2); (18,7,8); 
Queue 3: (15,6,6); (24,9,5); 
Queue 4: (13,6,1); (16,6,1); (19,7,3); (22,9,2); (26,9,2); 
Queue 5: (14,6,2); (20,8,6); (28,10,7); 
Queue 6: (12,5,1); (17,6,4); (23,9,2); (27,10,8); 

Time 13
Waiting clients: 
Queue 1: (11,5,4); (21,8,2); (25,9,2); (29,10,1); 
Queue 2: (10,5,1); (18,7,8); 
Queue 3: (15,6,5); (24,9,5); 
Queue 4: (16,6,1); (19,7,3); (22,9,2); (26,9,2); 
Queue 5: (14,6,1); (20,8,6); (28,10,7); 
Queue 6: (17,6,4); (23,9,2); (27,10,8); 

Time 14
Waiting clients: 
Queue 1: (11,5,3); (21,8,2); (25,9,2); (29,10,1); 
Queue 2: (18,7,8); 
Queue 3: (15,6,4); (24,9,5); 
Queue 4: (19,7,3); (22,9,2); (26,9,2); 
Queue 5: (20,8,6); (28,10,7); 
Queue 6: (17,6,3); (23,9,2); (27,10,8); 

Time 15
Waiting clients: 
Queue 1: (11,5,2); (21,8,2); (25,9,2); (29,10,1); 
Queue 2: (18,7,7); 
Queue 3: (15,6,3); (24,9,5); 
Queue 4: (19,7,2); (22,9,2); (26,9,2); 
Queue 5: (20,8,5); (28,10,7); 
Queue 6: (17,6,2); (23,9,2); (27,10,8); 

Time 16
Waiting clients: 
Queue 1: (11,5,1); (21,8,2); (25,9,2); (29,10,1); 
Queue 2: (18,7,6); 
Queue 3: (15,6,2); (24,9,5); 
Queue 4: (19,7,1); (22,9,2); (26,9,2); 
Queue 5: (20,8,4); (28,10,7); 
Queue 6: (17,6,1); (23,9,2); (27,10,8); 

Time 17
Waiting clients: 
Queue 1: (21,8,2); (25,9,2); (29,10,1); 
Queue 2: (18,7,5); 
Queue 3: (15,6,1); (24,9,5); 
Queue 4: (22,9,2); (26,9,2); 
Queue 5: (20,8,3); (28,10,7); 
Queue 6: (23,9,2); (27,10,8); 

Time 18
Waiting clients: 
Queue 1: (21,8,1); (25,9,2); (29,10,1); 
Queue 2: (18,7,4); 
Queue 3: (24,9,5); 
Queue 4: (22,9,1); (26,9,2); 
Queue 5: (20,8,2); (28,10,7); 
Queue 6: (23,9,1); (27,10,8); 

Time 19
Waiting clients: 
Queue 1: (25,9,2); (29,10,1); 
Queue 2: (18,7,3); 
Queue 3: (24,9,4); 
Queue 4: (26,9,2); 
Queue 5: (20,8,1); (28,10,7); 
Queue 6: (27,10,8); 

Time 20
Waiting clients: 
Queue 1: (25,9,1); (29,10,1); 
Queue 2: (18,7,2); 
Queue 3: (24,9,3); 
Queue 4: (26,9,1); 
Queue 5: (28,10,7); 
Queue 6: (27,10,7); 

Time 21
Waiting clients: 
Queue 1: (29,10,1); 
Queue 2: (18,7,1); 
Queue 3: (24,9,2); 
Queue 4: closed
Queue 5: (28,10,6); 
Queue 6: (27,10,6); 

Time 22
Waiting clients: 
Queue 1: closed
Queue 2: closed
Queue 3: (24,9,1); 
Queue 4: closed
Queue 5: (28,10,5); 
Queue 6: (27,10,5); 

Time 23
Waiting clients: 
Queue 1: closed
Queue 2: closed
Queue 3: closed
Queue 4: closed
Queue 5: (28,10,4); 
Queue 6: (27,10,4); 

Time 24
Waiting clients: 
Queue 1: closed
Queue 2: closed
Queue 3: closed
Queue 4: closed
Queue 5: (28,10,3); 
Queue 6: (27,10,3); 

Time 25
Waiting clients: 
Queue 1: closed
Queue 2: closed
Queue 3: closed
Queue 4: closed
Queue 5: (28,10,2); 
Queue 6: (27,10,2); 

Time 26
Waiting clients: 
Queue 1: closed
Queue 2: closed
Queue 3: closed
Queue 4: closed
Queue 5: (28,10,1); 
Queue 6: (27,10,1); 

Time 27
Waiting clients: 
Queue 1: closed
Queue 2: closed
Queue 3: closed
Queue 4: closed
Queue 5: closed
Queue 6: closed

Average Waiting Time: 9,07
Average Service Time: 4,10
Peak Time: 10

